0 0.192857 0.668539 0.201190 0.640449 0.265476 0.665730 0.254762 0.692416
0 0.198810 0.550562 0.258333 0.540730 0.255952 0.512640 0.198810 0.518258
0 0.198810 0.459270 0.264286 0.453652 0.265476 0.422753 0.198810 0.426966
0 0.191667 0.318820 0.254762 0.316011 0.252381 0.289326 0.192857 0.289326
0 0.200000 0.254213 0.251190 0.235955 0.258333 0.261236 0.205952 0.282303
0 0.211905 0.217697 0.266667 0.217697 0.265476 0.189607 0.213095 0.189607
0 0.551190 0.181180 0.616667 0.178371 0.615476 0.147472 0.550000 0.150281
0 0.554762 0.330056 0.622619 0.325843 0.620238 0.294944 0.552381 0.300562
0 0.553571 0.372191 0.619048 0.366573 0.616667 0.338483 0.551190 0.344101
0 0.551190 0.415730 0.620238 0.414326 0.617857 0.387640 0.552381 0.387640
0 0.550000 0.459270 0.609524 0.456461 0.608333 0.431180 0.551190 0.426966
0 0.551190 0.532303 0.615476 0.542135 0.614286 0.570225 0.548810 0.563202
0 0.552381 0.578652 0.623810 0.573034 0.625000 0.605337 0.553571 0.608146
0 0.553571 0.636236 0.619048 0.636236 0.619048 0.665730 0.555952 0.665730
0 0.723810 0.681180 0.789286 0.679775 0.784524 0.644663 0.723810 0.651685
1 0.703571 0.634831 0.785714 0.629213 0.782143 0.595506 0.704762 0.602528
0 0.713095 0.568820 0.777381 0.582865 0.779762 0.547753 0.716667 0.539326
0 0.732143 0.525281 0.789286 0.522472 0.786905 0.492978 0.732143 0.492978
0 0.730952 0.478933 0.797619 0.471910 0.792857 0.442416 0.728571 0.448034
1 0.705952 0.259831 0.785714 0.255618 0.783333 0.221910 0.707143 0.226124
0 0.726190 0.195225 0.791667 0.192416 0.789286 0.165730 0.725000 0.167135
1 0.564286 0.507022 0.640476 0.504213 0.640476 0.536517 0.566667 0.533708
