0 0.455952 0.773876 0.519048 0.769663 0.516667 0.741573 0.457143 0.740169
0 0.460714 0.728933 0.528571 0.726124 0.527381 0.696629 0.458333 0.698034
0 0.458333 0.681180 0.526190 0.672753 0.522619 0.641854 0.458333 0.650281
0 0.461905 0.634831 0.529762 0.632022 0.527381 0.601124 0.460714 0.603933
0 0.467857 0.480337 0.525000 0.481742 0.522619 0.450843 0.469048 0.452247
0 0.463095 0.438202 0.521429 0.435393 0.519048 0.405899 0.463095 0.410112
0 0.453571 0.397472 0.513095 0.391854 0.510714 0.362360 0.455952 0.367978
0 0.448810 0.310393 0.515476 0.306180 0.515476 0.275281 0.448810 0.279494
0 0.442857 0.265449 0.515476 0.254213 0.511905 0.221910 0.441667 0.233146
0 0.621429 0.282303 0.678571 0.280899 0.680952 0.308989 0.622619 0.314607
0 0.634524 0.471910 0.688095 0.476124 0.686905 0.502809 0.634524 0.500000
0 0.615476 0.526685 0.689286 0.532303 0.686905 0.566011 0.615476 0.564607
0 0.638095 0.757022 0.703571 0.757022 0.705952 0.786517 0.638095 0.790730
0 0.640476 0.807584 0.700000 0.810393 0.698810 0.844101 0.638095 0.841292
