0 0.266667 0.848315 0.294048 0.852528 0.304762 0.768258 0.280952 0.765449
0 0.459524 0.817416 0.464286 0.877809 0.488095 0.877809 0.482143 0.816011
0 0.236905 0.596910 0.264286 0.609551 0.283333 0.543539 0.257143 0.533708
0 0.227381 0.477528 0.267857 0.411517 0.292857 0.433989 0.252381 0.497191
0 0.432143 0.330056 0.438095 0.421348 0.466667 0.415730 0.458333 0.327247
0 0.241667 0.146067 0.246429 0.230337 0.278571 0.230337 0.272619 0.146067
0 0.572619 0.217697 0.636905 0.210674 0.632143 0.175562 0.567857 0.183989
0 0.808333 0.705056 0.867857 0.716292 0.871429 0.682584 0.811905 0.671348
0 0.815476 0.768258 0.873810 0.764045 0.870238 0.726124 0.809524 0.735955
0 0.821429 0.824438 0.877381 0.804775 0.869048 0.772472 0.811905 0.792135
0 0.854762 0.540730 0.805952 0.556180 0.798810 0.526685 0.847619 0.511236
