0 0.467857 0.622191 0.498810 0.619382 0.498810 0.686798 0.471429 0.686798
0 0.459524 0.512640 0.466667 0.603933 0.496429 0.601124 0.492857 0.512640
0 0.459524 0.424157 0.464286 0.504213 0.490476 0.502809 0.485714 0.421348
0 0.458333 0.310393 0.463095 0.391854 0.485714 0.389045 0.479762 0.307584
0 0.271429 0.394663 0.301190 0.396067 0.297619 0.487360 0.265476 0.484551
0 0.272619 0.344101 0.298810 0.345506 0.305952 0.269663 0.278571 0.262640
0 0.798810 0.195225 0.858333 0.207865 0.860714 0.176966 0.800000 0.162921
0 0.809524 0.255618 0.861905 0.252809 0.859524 0.220506 0.805952 0.224719
0 0.819048 0.460674 0.872619 0.439607 0.865476 0.408708 0.807143 0.426966
0 0.820238 0.507022 0.878571 0.508427 0.879762 0.473315 0.819048 0.474719
0 0.816667 0.543539 0.870238 0.553371 0.871429 0.522472 0.816667 0.514045
