0 0.223810 0.733146 0.225000 0.821629 0.270238 0.820225 0.263095 0.730337
0 0.216667 0.710674 0.273810 0.706461 0.272619 0.668539 0.214286 0.675562
0 0.188095 0.553371 0.246429 0.592697 0.259524 0.568820 0.202381 0.530899
0 0.200000 0.500000 0.210714 0.526685 0.261905 0.498596 0.248810 0.464888
0 0.200000 0.370787 0.245238 0.432584 0.266667 0.410112 0.219048 0.348315
0 0.208333 0.304775 0.217857 0.338483 0.272619 0.313202 0.260714 0.283708
0 0.192857 0.230337 0.255952 0.262640 0.266667 0.235955 0.205952 0.198034
0 0.388095 0.299157 0.395238 0.387640 0.428571 0.386236 0.421429 0.296348
0 0.402381 0.464888 0.396429 0.396067 0.423810 0.393258 0.427381 0.464888
0 0.403571 0.481742 0.407143 0.574438 0.435714 0.571629 0.432143 0.481742
0 0.626190 0.766854 0.567857 0.771067 0.566667 0.804775 0.626190 0.803371
0 0.753571 0.766854 0.823810 0.761236 0.821429 0.800562 0.752381 0.801966
