0 0.109524 0.742978 0.166667 0.741573 0.167857 0.772472 0.113095 0.772472
0 0.111905 0.695225 0.165476 0.695225 0.167857 0.726124 0.114286 0.724719
0 0.421429 0.237360 0.489286 0.234551 0.488095 0.268258 0.421429 0.266854
0 0.430952 0.331461 0.497619 0.325843 0.498810 0.356742 0.430952 0.362360
0 0.436905 0.460674 0.500000 0.456461 0.502381 0.484551 0.438095 0.490169
0 0.441667 0.509831 0.507143 0.502809 0.510714 0.532303 0.444048 0.540730
0 0.588095 0.436798 0.657143 0.438202 0.655952 0.474719 0.583333 0.473315
0 0.605952 0.497191 0.664286 0.490169 0.670238 0.521067 0.607143 0.528090
0 0.652381 0.678371 0.709524 0.678371 0.710714 0.706461 0.651190 0.707865
0 0.465476 0.622191 0.538095 0.615169 0.539286 0.648876 0.466667 0.654494
0 0.473810 0.706461 0.538095 0.703652 0.539286 0.669944 0.470238 0.669944
0 0.479762 0.799157 0.535714 0.792135 0.535714 0.759831 0.477381 0.764045
0 0.479762 0.839888 0.545238 0.841292 0.545238 0.804775 0.478571 0.803371
