0 0.475000 0.831461 0.539286 0.828652 0.540476 0.862360 0.476190 0.865169
0 0.628571 0.810393 0.697619 0.816011 0.700000 0.855337 0.623810 0.845506
0 0.469048 0.727528 0.536905 0.721910 0.534524 0.693820 0.466667 0.696629
0 0.458333 0.633427 0.527381 0.627809 0.525000 0.596910 0.458333 0.601124
0 0.463095 0.516854 0.530952 0.515449 0.529762 0.484551 0.465476 0.483146
0 0.460714 0.455056 0.529762 0.453652 0.528571 0.422753 0.459524 0.422753
0 0.458333 0.290730 0.522619 0.283708 0.517857 0.248596 0.457143 0.257022
0 0.455952 0.238764 0.515476 0.240169 0.522619 0.209270 0.457143 0.209270
0 0.466667 0.189607 0.527381 0.183989 0.523810 0.154494 0.463095 0.158708
0 0.625000 0.144663 0.690476 0.148876 0.688095 0.181180 0.622619 0.175562
0 0.629762 0.280899 0.691667 0.280899 0.694048 0.308989 0.629762 0.314607
0 0.623810 0.330056 0.694048 0.330056 0.692857 0.360955 0.625000 0.363764
